00100000000010000000000000000011 
00100000000010010000000000000101
00000001001010100101100000100000
10001101000000100110000000000000
10101001011000000110100000000000
00000001100000000010000000100000
00100000000000100000000000000001
00000000000000000000000000001100
00100000000000100000000000001011
00100000000001000000000000001010
00000000000000000000000000001100
00000001101000000010000000100000
00100000000000100000000000000001
00000000000000000000000000001100
00100000000000100000000000001011
00100000000001000000000000001010
00000000000000000000000000001100
